SampleID	Chromosome	Start_position	End_position	total_cn	A_cn	B_cn	ploidy
GB-HRD-16	chr1	150500	53018722	2	1	1	4.7
GB-HRD-16	chr1	53159307	72406246	2	2	0	4.7
GB-HRD-16	chr1	72552597	125045053	2	2	0	4.7
GB-HRD-16	chr1	143056516	163327467	2	2	0	4.7
GB-HRD-16	chr1	163328207	192077877	2	2	0	4.7
GB-HRD-16	chr1	192230621	206877046	3	3	0	4.7
GB-HRD-16	chr1	207028320	247600495	2	2	0	4.7
GB-HRD-16	chr2	150500	30556797	2	2	0	4.7
GB-HRD-16	chr2	30715701	63308696	3	3	0	4.7
GB-HRD-16	chr2	63454124	172271097	2	2	0	4.7
GB-HRD-16	chr2	172408620	241858742	2	1	1	4.7
GB-HRD-16	chr3	150500	69879903	3	2	1	4.7
GB-HRD-16	chr3	69936702	121924851	3	2	1	4.7
GB-HRD-16	chr3	122089260	144216097	2	1	1	4.7
GB-HRD-16	chr3	144216717	197086977	3	3	0	4.7
GB-HRD-16	chr4	150500	57632261	1	1	0	4.7
GB-HRD-16	chr4	57785464	121818061	1	1	0	4.7
GB-HRD-16	chr4	121976705	181874286	2	1	1	4.7
GB-HRD-16	chr4	182023769	189514885	1	1	0	4.7
GB-HRD-16	chr5	150500	24951211	2	1	1	4.7
GB-HRD-16	chr5	25095474	41908648	3	3	0	4.7
GB-HRD-16	chr5	42058274	56272594	2	2	0	4.7
GB-HRD-16	chr5	56408208	109574042	2	2	0	4.7
GB-HRD-16	chr5	109721788	136984240	3	3	0	4.7
GB-HRD-16	chr5	137147445	172613922	2	2	0	4.7
GB-HRD-16	chr5	172769803	180632298	2	1	1	4.7
GB-HRD-16	chr6	150500	23520908	3	3	0	4.7
GB-HRD-16	chr6	23673909	86543605	2	2	0	4.7
GB-HRD-16	chr6	86700246	107893496	3	3	0	4.7
GB-HRD-16	chr6	107894116	134733019	1	1	0	4.7
GB-HRD-16	chr6	134882343	140976286	2	2	0	4.7
GB-HRD-16	chr6	141122188	169206028	2	2	0	4.7
GB-HRD-16	chr7	150500	43533714	2	2	0	4.7
GB-HRD-16	chr7	43671757	52880586	2	1	1	4.7
GB-HRD-16	chr7	53031335	55170418	2	2	0	4.7
GB-HRD-16	chr7	55170689	105666669	2	2	0	4.7
GB-HRD-16	chr7	105816548	140799964	3	2	1	4.7
GB-HRD-16	chr7	140800232	159179814	3	3	0	4.7
GB-HRD-16	chr8	150500	42570816	1	1	0	4.7
GB-HRD-16	chr8	42720784	76103921	3	3	0	4.7
GB-HRD-16	chr8	76262543	144918358	3	3	0	4.7
GB-HRD-16	chr9	150500	45398430	2	2	0	4.7
GB-HRD-16	chr9	60534551	130426741	2	2	0	4.7
GB-HRD-16	chr9	130596140	135770755	1	1	0	4.7
GB-HRD-16	chr9	135771375	137614848	2	1	1	4.7
GB-HRD-16	chr10	150500	33985408	2	1	1	4.7
GB-HRD-16	chr10	34145195	133410808	2	2	0	4.7
GB-HRD-16	chr11	150500	25163341	1	1	0	4.7
GB-HRD-16	chr11	25306599	73677049	2	2	0	4.7
GB-HRD-16	chr11	73706567	93037743	3	3	0	4.7
GB-HRD-16	chr11	93183853	94963875	5	5	0	4.7
GB-HRD-16	chr11	95116890	95576437	2	2	0	4.7
GB-HRD-16	chr11	95577057	95577057	2	2	0	4.7
GB-HRD-16	chr11	95722576	133796290	2	1	1	4.7
GB-HRD-16	chr12	150500	30665074	4	2	2	4.7
GB-HRD-16	chr12	30813539	46976896	3	3	0	4.7
GB-HRD-16	chr12	47132154	50094416	2	2	0	4.7
GB-HRD-16	chr12	50096829	90398331	2	2	0	4.7
GB-HRD-16	chr12	90556415	109742457	1	1	0	4.7
GB-HRD-16	chr12	109890520	132681117	2	2	0	4.7
GB-HRD-16	chr13	15873492	32348180	2	2	0	4.7
GB-HRD-16	chr13	32348443	32980049	2	2	0	4.7
GB-HRD-16	chr13	33143987	114291680	2	2	0	4.7
GB-HRD-16	chr14	15992514	22982786	3	3	0	4.7
GB-HRD-16	chr14	23098607	50219106	2	2	0	4.7
GB-HRD-16	chr14	50354716	106814945	2	2	0	4.7
GB-HRD-16	chr15	17000279	80594848	2	2	0	4.7
GB-HRD-16	chr15	80733825	89179414	1	1	0	4.7
GB-HRD-16	chr15	89247627	101413662	2	2	0	4.7
GB-HRD-16	chr16	82451	8937743	1	1	0	4.7
GB-HRD-16	chr16	9095131	38247786	2	2	0	4.7
GB-HRD-16	chr16	46346614	69190933	2	2	0	4.7
GB-HRD-16	chr16	69191553	71588864	2	2	0	4.7
GB-HRD-16	chr16	71767995	90028809	2	2	0	4.7
GB-HRD-16	chr17	150500	43059708	2	2	0	4.7
GB-HRD-16	chr17	43061112	43124478	2	2	0	4.7
GB-HRD-16	chr17	43218258	82832228	2	2	0	4.7
GB-HRD-16	chr18	150500	26499110	2	1	1	4.7
GB-HRD-16	chr18	26641716	44877273	2	2	0	4.7
GB-HRD-16	chr18	44901960	79132384	2	2	0	4.7
GB-HRD-16	chr19	150500	10156968	2	2	0	4.7
GB-HRD-16	chr19	10180831	14168179	4	4	0	4.7
GB-HRD-16	chr19	14341914	28324315	4	4	0	4.7
GB-HRD-16	chr19	28466093	34430088	7	7	0	4.7
GB-HRD-16	chr19	34579672	37815580	4	4	0	4.7
GB-HRD-16	chr19	37956622	58200495	2	2	0	4.7
GB-HRD-16	chr20	150500	32199375	2	2	0	4.7
GB-HRD-16	chr20	32358755	56373387	3	3	0	4.7
GB-HRD-16	chr20	56381412	63387335	3	3	0	4.7
GB-HRD-16	chr21	4981431	38576772	2	1	1	4.7
GB-HRD-16	chr21	38634717	46496627	1	1	0	4.7
GB-HRD-16	chr22	10518239	46323393	2	2	0	4.7
GB-HRD-16	chr22	46467362	50634778	1	1	0	4.7
GB-HRD-16	chrX	150500	36547341	1	1	0	4.7
GB-HRD-16	chrX	36698251	45062626	2	2	0	4.7
GB-HRD-16	chrX	45063401	47571977	2	2	0	4.7
GB-HRD-16	chrX	47710616	49325409	3	3	0	4.7
GB-HRD-16	chrX	49468755	64193040	2	2	0	4.7
GB-HRD-16	chrX	64193806	130225777	1	1	0	4.7
GB-HRD-16	chrX	130378601	154929355	1	1	0	4.7
GB-HRD-16	chrY	2719082	12589594	0	0	0	4.7
